$ANSIBLE_VAULT;1.1;AES256
31373232346439653638303437313136613237636465666137613662333231613136336339343332
6137653830633263656365353033663362323636613731390a363731656234336365656431303732
38353436616434636632346533336331303130643334363834613563326361623130343965316234
6130386433616462660a363437373061316262343732333036343835616636363338363832323237
39656237366661656434396366653137373532396433306438343839396339613734636636353437
30343336303435653764646533626437323137376338386639613633623738346430313761646633
36376564383531613038393936383534366137323234393366643931326336656131333130616232
37633964363737613762303161373330366233316232646435623864316336666639623165663161
35336632313666346463663661623936353330353563343135653762666139323639333661356135
65653664376430373666346666383637633538346238336466303733666136316632343439346534
35313634396232313831636639623039613434323533653337633664393462666232616238333934
37366533633432323565343362626361613938303237393736363061303261626533353532376561
32613366376633633135353930383937663364336530363233303366366564613738323434656162
36356666396537656162313864663535376330626631623766636561333830646638343062653862
35333634323439353537343336396362343338643436663639353139396237643531303166386630
30666461636336633334633430333335326132656131383237363732386166383239643736336438
61393835316431633539666537393332626430393066363230303832323238306163323533633662
63613262343335316161616132383963396138656235383332333335336137613661633738613631
65383036666539376533636533343665613062663236653034666461666463393065633536346231
31656363646661323639333962626230393063663431383662353831383038636464653364346334
30343637383136663634366330326163313534663236333734653637343034326630303236306537
38386531306561356463653664363835316538303333333666666465313165313735623361326663
63376432346236666464643632333037643830393437653131386334623435623336336266623066
65306166333465396163313163313137373661376264323564346635393131373532396337373966
65376262393331656463346332343537306436306237653937623430326233356135336161363833
34323230333837363663613134303438313634396539376261656564383735666638313462383233
63643665353666663234626239656339303935613561393866363835396265313338376534393237
31663339303839313131653462373864616562623263653064633439363834666163653130353763
38393432336637313935363666326537613262623066656264326562636232626361323533333332
39346537626462323065313938316433383334366431373136356238336535633964653237326234
36366431393765363736663566343530353234366538323665356662613666303238343566663034
35653864343138356231396465383631653133633330316138623432623931353831393531303862
39396533613532346532333634363236303132663132343635343534636337366438656534313466
64373632653436343038633937303133333035393832333639643962633865623030356631626566
33386235653061326537373665626432613037363763633534363735623366663932643438306538
63306536303839333331373130653539623438393036353161336534333933376466303666626362
39373661326465303833313034356364316438313331303831626134636130666631613963313635
33306432666336636335356261643631333338316638323531303531343562393136643836373230
61303736323866613935633766396665333234666461396565633838623438333864353362623861
39356630373436393630363161393366626433346438396564323166616237366134633134323937
39313837613331656364333134633632323330376639663831613762353961653733343162653930
36383333323738343836643034323063303334663066306132386631646433613233663962353336
66623266653932653436643931666366363133353463393235653732663461326137366439393263
66363265613837353837666234366366346564376665613039333734326162663130353535316461
38613466396533373038326136613737623038363463303561376130663262386261376639353763
37373763363762346638323563393463373765633238306162646535666266323666326365626533
36626163636337386161643634373365336236396439333630613534343463363437316331326562
37396235316661313262636366343761343965613161303430356139393630393239343532306565
36303434383163353936316231643436646266626134323036383361626630396665613363623833
30646231356464313635353834363062633438646135626531343732653630346365363432363966
33623938616331343764323938653836306365613036333534303362343239616464383466333763
39383333306430326634386236316563333933393039386366653434313830636264363231316233
34393937623235336335633436656634663536303833333137643962353164336230306261313463
64313030653835623961326635333461653131326266366266643261626262653637333834636265
61323238313561663737386662636537306634636230386333386633366536626631653363386634
34316663613963393964353639633937666231636536326638383533663762656262393864663363
34616366396436306362373163373137653539313862343132656432356666643462306333353139
34303838393864326636316361303866646136383263306636326634653135633364396237386535
61366566346335373238613136653664306534366336633333643334346262303734303737396336
65313236663666643562653361613834663036313465326264663031333366326562383037643936
63373231626133646330323462643033303562383233613436616236646533393837396438633162
30356533636339313163306431326131653133343165366534396332376561653739303331363635
62313436666632633537663137313639363634633231323333393932323331366463653162393166
32373761643964353337343634376366646538666137313662343430616564383233376238353134
32396366623065663639623138363233633432333935363836613433306338666230323263623731
62653236356239333963393636336330346539323761393031626438653966666161323535376530
30353462323265666562663633383066623063613164313536376139356361366335396466346638
63633435623231316664313338396230653061623130313636363930303934313863333135383535
37626134313431323531626234303232643933613166633035616362396336396335316237303235
30346232313866326639626130643563316133313364626630656631306632653665316336343231
62326633386435316430366365336666306636326138353335616466343932613363366165623439
38626364353534346338646462383238346537646631363939373265306563373163353532313439
38373566386637393630373032393565363737383566306132613039313637376561333539356564
30303562643939393039343230653538366365366335333465356362373831356161393035626539
38333337356265323163613865343134326366323335336137376139656564323839383065353136
33356338353163623261373836336331303438326165336163646639393236303634623265366338
64313536653465333331356462326337373139653034386462663639666437356566313863333961
33396430663561626531346331653661383964373532653637303364383636376635333664656665
34386461633930653666313235333166386666326561333362303037323032343234653138636664
39393839373335626362663564623238643463646361323939346164633334343039653436323132
63666236323435623134393463343432643463373866623938363265343337363230356233623932
63353238366565666239376662313533636232336234383038613264393039346566663738663639
61633035653461336364653033356637356235633765393965663939656262636637323238363631
64646634343030376433636662383837303031626465363866313735656362333335346330343137
36303365346237303461666630393865396137343330323063633433333537376466613834616366
34663230636262393532396263653866333432616234306536613839346165623133393565353937
62646433366461373830666535623131646135643639313330633361303362646137663361393635
38303830313636663462666233663062383933636539613231373138393137343931376532333364
30373437323039633030663732323366363964366337316237303962333738353866383739643962
66653032623166643665386539633862616235653130333837616230323461346639313235383165
63326137653766663333363264393935656133636337643731336538343939353764616431653939
31643931346634326662323466643636313064316365353637356233326437363131646362343839
65336461383161353263633163616139343033346631333862303631386335393739666236396434
62333237386332633139663362316362353265336538663131373839346533363131356364386464
39353335636531326237316366643637326136626462636336326237666163363562313065383733
37393739356237326663653335666633313639323664303962633561303536613335633734323561
63363963633632356437636133653731643435393337626232636364616638663732633566643338
66393239663833656535393363616534313730363761303263663431656437653039333431353032
38666233616430316161646162666565653163633661386139373334373639356338303664663539
62393631326365313664353036646336373061303664333934646435323737643233353761383466
32626237633138393131613666386463343133346534323132383733363263383433346638313837
37623138316234646361663062343232653535313664313963383964666364663431383234336164
30366337333139313535366533613934636232656536653035383561313637626661363035356432
66616162386662316636613965623831646639636434666232626564313030623133393337373063
36623362316131323561626662663138363064666539373331383364356263376566643063383930
38663539323262323264633231346633643438303962656461646163626339653166353066616334
64663238613534323239353537313834663832393239636337333063643766386335333835303063
39663363353634646661353231323537663733313037346565656531303365323436656132333761
39313637313935653834623635663165333739333237366161303339656337333332326633373665
61636433646165386333356134373264386662613930333138306161303964616164316266623639
65386339383038386232613666636131336633346163383764326531643364333561643630646364
34666339323338336532663236336365383432356163643335383431323839643239303937656161
31633563633137613635303130356530303365313435323438363132363431613135353638316433
34326233363739316133616434343937323038316664326262636333623366626232626263646366
39373330346133623436626364393162376135613038616539333038613835653061363166373939
39616533393831653961666334656662376265376164363364306263383264626366323630393734
30616231353565353332613335613534653364393662653437393238666532323433643239313432
30353933666438643439663134306439376561376162353538353762313032306266376135303635
34663564396237643162623661306236376464623531633832613164633131363763393461373834
61623937303234613930363864303833363837393539333430656663393835653136633936366337
36323635383334656463383064306634633138316331373263636533663761653233373362643762
33366164336461376231356232346462343936396635363364623930373331663033656633333065
36346438396634383630376439613435316537663534623837616231616538336366313430376531
34353437303334303433306462616238666462636633316130363663363864373464633161326438
34356431343064336265666633326433643261353961623032636536643131653362383166613233
37333536666438346265373736396463313139386137623265323461346366346536613464326366
35613431363438646230306264653939646530326333653863303538663536353736623963323730
66626462333065623330373065646462386130343136656531623165333132616533303039663436
33396634326361396666306434343661346631313363363631313533333738396139336265333637
34386563393264343864363936623835646264323163613336343336346434653131613031383063
30353165646164333930616264303763323231646338343663616534616535373032353735666333
39353030346564343833373537646637313962663438313862613765313232393636633333376638
36356563623733633335333461663162623731303635353063636563363531383132353266356432
34383133646462303333626161353335326239623764323135346463663833663363653465306336
31363437333538653365333930623035376431613736386165616239333262366664386235336465
63653239666635623662
